0,0
1,1
2,2
3,3
4,4
5,5
6,7
7,6
8,6
9,7
10,8
11,8
12,7
13,7
14,7
15,7
16,7
17,7
18,7
19,7
20,9
21,9
22,9
23,7
24,7
25,9
26,7
27,4
28,7
29,9
30,7
31,9
32,10
33,12
34,2
35,8
36,8
37,8
38,6
39,7
40,11
41,7
42,6
43,7
44,13
45,14
46,9
47,7
48,16
49,7
50,7
51,15
52,7
53,8
54,8
55,17
56,7
57,6
58,6
59,9
60,7
61,7
62,9
63,5
64,7
65,9
66,5
67,7
68,9
69,7
70,7
71,5
72,7
73,17
74,7
75,17
76,6
77,8
78,7
79,6
80,7
81,18
82,7
83,1
84,4
85,17
86,7
87,7
88,7
89,5
90,5
91,12
92,7
93,4
94,5
95,17
96,7
97,7
98,7
99,4
100,8
101,13
102,7
103,6
104,6
105,9
106,9
107,9
108,7
109,5
110,5
111,19
112,9
113,9
114,7
115,20
116,9
117,7
118,7
119,5
120,9
121,9
122,12
123,7
124,9
125,21
126,4
127,9
128,5
129,4
130,7
131,9
132,7
133,22
134,22
135,5
136,5
137,5
138,5
139,5
140,4
141,9
142,16
143,2
144,7
145,7
146,23
147,4
148,17
149,20
150,24
151,24
152,12
153,2
154,9
155,12
156,12
157,24
158,1
159,24
160,6
161,4
162,24
163,4
164,2
165,17
166,7
167,8
168,8
169,4
170,9
171,7
172,7
173,7
174,7
175,7
176,7
177,12
178,14
179,5
180,7
181,3
182,12
183,7
184,9
185,12
186,8
187,7
188,9
189,17
190,22
191,22
192,24
193,7
194,7
195,14
196,25
197,9
198,7
199,3
200,3
201,9
202,17
203,7
204,22
205,7
206,12
207,1
208,7
209,9
210,9
211,8
212,22
213,9
214,8
215,7
216,17
217,7
218,17
219,26
220,9
221,7
222,13
223,13
224,13
225,7
226,7
227,7
228,7
229,7
230,7
231,6
232,27
233,27
234,5
235,5
236,9
237,7
238,1
239,14
240,12
241,22
242,2
243,2
244,9
245,11
246,7
247,14
248,7
249,9
250,9
251,7
252,6
253,7
254,7
255,17
256,9
257,9
258,9
259,7
260,2
261,9
262,7
263,7
264,7
265,9
266,4
267,7
268,17
269,28
270,8
271,2
272,5
273,5
274,9
275,7
276,9
277,7
278,5
279,22
280,23
281,24
282,4
283,7
284,4
285,4
286,24
287,5
288,5
289,4
290,7
291,7
292,5
293,5
294,5
295,5
296,17
297,7
298,5
299,5
300,13
301,7
302,24
303,12
304,2
305,12
306,5
307,4
308,15
309,1
310,7
311,7
312,7
313,22
314,2
315,2
316,7
317,5
318,1
319,12
320,7
321,7
322,8
323,27
324,8
325,2
326,2
327,9
328,5
329,6
330,13
331,13
332,7
333,22
334,9
335,22
336,7
337,5
338,3
339,24
340,24
341,4
342,5
343,2
344,2
345,1
346,2
347,8
348,4
349,8
350,7
351,1
352,18
353,1
354,9
355,8
356,20
357,29
358,2
359,8
360,12
361,12
362,9
363,7
364,5
365,9
366,7
367,1
368,2
369,7
370,18
371,7
372,1
373,5
374,7
375,8
376,30
377,17
378,14
379,6
380,7
381,7
382,5
383,13
384,6
385,7
386,24
387,1
388,2
389,15
390,18
391,18
392,11
393,9
394,20
395,4
396,23
397,7
398,2
399,7
400,2
401,8
402,31
403,9
404,13
405,9
406,9
407,17
408,9
409,22
410,22
411,22
412,9
413,9
414,32
415,9
416,22
417,32
418,32
419,17
420,32
421,22
422,22
423,22
424,22
425,32
426,22
427,1
428,1
429,9
430,5
431,5
432,20
433,12
434,2
435,20
436,23
437,7
438,9
439,22
440,5
441,7
442,18
443,18
444,7
445,9
446,1
447,1
448,5
449,5
450,18
451,7
452,8
453,5
454,20
455,11
456,24
457,4
458,24
459,4
460,2
461,12
462,22
463,4
464,4
465,12
466,9
467,5
468,18
469,1
470,7
471,11
472,1
473,5
474,9
475,7
476,17
477,22
478,5
479,5
480,22
481,5
482,6
483,7
484,4
485,9
486,2
487,1
488,9
489,24
490,7
491,7
492,6
493,7
494,7
495,22
496,2
497,1
498,21
499,7
500,22
501,26
502,9
503,32
504,32
505,32
506,22
507,26
508,32
509,22
510,22
511,22
512,22
513,32
514,32
515,32
516,22
517,22
518,22
519,32
520,22
521,9
522,9
523,22
524,22
525,32
526,22
527,22
528,22
529,9
530,32
531,9
532,22
533,17
534,9
535,22
536,22
537,9
538,24
539,24
540,22
541,7
542,1
543,7
544,3
545,12
546,17
547,8
548,31
549,5
550,4
551,9
552,7
553,4
554,7
555,5
556,5
557,7
558,9
559,7
560,4
561,9
562,4
563,4
564,4
565,8
566,7
567,7
568,7
569,4
570,6
571,13
572,9
573,1
574,1
575,9
576,8
577,14
578,28
579,14
580,1
581,7
582,5
583,20
584,8
585,5
586,24
587,2
588,15
589,7
590,18
591,7
592,3
593,3
594,7
595,9
596,28
597,28
598,12
599,9
600,8
601,7
602,5
603,7
604,6
605,6
606,17
607,9
608,7
609,7
610,4
611,6
612,6
613,13
614,7
615,7
616,9
617,32
618,22
619,7
620,5
621,8
622,8
623,7
624,9
625,7
626,11
627,8
628,9
629,9
630,17
631,7
632,5
633,5
634,8
635,7
636,9
637,8
638,24
639,2
640,4
641,19
642,6
643,28
644,7
645,7
646,9
647,7
648,12
649,12
650,12
651,1
652,12
653,2
654,9
655,1
656,1
657,7
658,7
659,6
660,7
661,7
662,7
663,7
664,7
665,7
666,7
667,7
668,5
669,2
670,2
671,2
672,20
673,18
674,7
675,16
676,7
677,9
678,22
679,22
680,1
681,20
682,9
683,18
684,17
685,9
686,9
687,9
688,18
689,7
690,7
691,13
692,13
693,6
694,6
695,7
696,28
697,13
698,7
699,14
700,13
701,1
702,19
703,9
704,25
705,4
706,1
707,7
708,9
709,7
710,3
711,15
712,9
713,8
714,1
715,1
716,2
717,22
718,17
719,3
720,20
721,9
722,30
723,17
724,14
725,7
726,33
727,24
728,28
729,9
730,3
731,24
732,7
733,18
734,14
735,5
736,7
737,22
738,9
739,9
740,15
741,9
742,7
743,7
744,18
745,7
746,6
747,17
748,17
749,22
750,2
751,7
752,5
753,16
754,7
755,22
756,22
757,22
758,32
759,22
760,31
761,31
762,5
763,20
764,7
765,20
766,1
767,5
768,7
769,33
770,1
771,15
772,9
773,16
774,3
775,7
776,12
777,6
778,6
779,7
780,7
781,7
782,4
783,21
784,20
785,1
786,1
787,8
788,22
789,5
790,23
791,24
792,24
793,22
794,6
795,6
796,6
797,1
798,7
799,19
800,18
801,9
802,22
803,7
804,7
805,6
806,5
807,9
808,34
809,4
810,4
811,7
812,7
813,13
814,7
815,6
816,3
817,11
818,5
819,1
820,7
821,8
822,20
823,20
824,15
825,5
826,5
827,17
828,15
829,1
830,7
831,24
832,25
833,14
834,5
835,5
836,15
837,5
838,5
839,9
840,9
841,31
842,7
843,9
844,28
845,7
846,1
847,14
848,7
849,7
850,18
851,20
852,9
853,9
854,6
855,7
856,12
857,9
858,7
859,4
860,22
861,24
862,7
863,9
864,1
865,8
866,17
867,5
868,31
869,20
870,24
871,24
872,35
873,9
874,8
875,20
876,7
877,7
878,14
879,22
880,7
881,18
882,3
883,6
884,9
885,7
886,9
887,22
888,9
889,9
890,9
891,17
892,17
893,20
894,7
895,1
896,9
897,9
898,5
899,9
900,7
901,22
902,32
903,22
904,22
905,22
906,6
907,6
908,7
909,7
910,22
911,9
912,12
913,1
914,9
915,1
916,4
917,28
918,7
919,7
920,18
921,7
922,5
923,2
924,4
925,2
926,7
927,7
928,7
929,7
930,7
931,7
932,7
933,7
934,24
935,28
936,7
937,7
938,7
939,5
940,4
941,5
942,11
943,5
944,24
945,1
946,9
947,7
948,17
949,5
950,13
951,9
952,5
953,18
954,7
955,31
956,22
957,23
958,7
959,1
960,16
961,4
962,24
963,24
964,7
965,15
966,24
967,9
968,6
969,6
970,7
971,5
972,5
973,28
974,22
975,8
976,4
977,33
978,2
979,7
980,14
981,7
982,28
983,7
984,6
985,4
986,4
987,6
988,24
989,12
990,9
991,7
992,6
993,7
994,7
995,36
996,4
997,6
998,24
999,6
1000,5
1001,7
1002,7
1003,9
1004,24
1005,24
1006,28
1007,14
1008,13
1009,7
1010,15
1011,18
1012,9
1013,20
1014,9
1015,17
1016,20
1017,4
1018,24
1019,7
1020,7
1021,20
1022,20
1023,20
1024,2
1025,20
1026,2
1027,13
1028,31
1029,2
1030,2
1031,1
1032,2
1033,20
1034,7
1035,6
1036,7
1037,3
1038,5
1039,1
1040,1
1041,20
1042,6
1043,2
1044,19
1045,7
1046,1
1047,20
1048,20
1049,7
1050,7
1051,9
1052,27
1053,7
1054,5
1055,4
1056,5
1057,7
1058,22
1059,2
1060,7
1061,16
1062,4
1063,7
1064,13
1065,6
1066,6
1067,7
1068,11
1069,1
1070,20
1071,24
1072,7
1073,7
1074,1
1075,22
1076,14
1077,6
1078,12
1079,9
1080,18
1081,14
1082,7
1083,14
1084,7
1085,7
1086,6
1087,7
1088,7
1089,6
1090,7
1091,9
1092,23
1093,8
1094,2
1095,7
1096,4
1097,4
1098,14
1099,18
1100,7
1101,7
1102,6
1103,6
1104,35
1105,28
1106,22
1107,22
1108,32
1109,32
1110,9
1111,7
1112,7
1113,5
1114,9
1115,20
1116,14
1117,5
1118,9
1119,5
1120,5
1121,1
1122,24
1123,9
1124,20
1125,24
1126,9
1127,4
1128,6
1129,3
1130,13
1131,14
1132,6
1133,9
1134,27
1135,1
1136,9
1137,24
1138,5
1139,5
1140,9
1141,15
1142,4
1143,7
1144,27
1145,6
1146,24
1147,24
1148,24
1149,15
1150,7
1151,5
1152,7
1153,7
1154,7
1155,5
1156,24
1157,22
1158,17
1159,6
1160,32
1161,22
1162,8
1163,7
1164,5
1165,5
1166,27
1167,27
1168,32
1169,22
1170,22
1171,6
1172,6
1173,9
1174,7
1175,24
1176,6
1177,7
1178,2
1179,8
1180,20
1181,35
1182,35
1183,6
1184,6
1185,9
1186,7
1187,17
1188,7
1189,7
1190,17
1191,5
1192,7
1193,6
1194,7
1195,7
1196,17
1197,7
1198,7
1199,7
1200,6
1201,6
1202,13
1203,20
1204,8
1205,1
1206,2
1207,1
1208,1
1209,6
1210,13
1211,7
1212,7
1213,8
1214,17
1215,9
1216,9
1217,4
1218,18
1219,20
1220,7
1221,8
1222,24
1223,13
1224,28
1225,28
1226,28
1227,28
1228,2
1229,27
1230,7
1231,7
1232,18
1233,20
1234,7
1235,23
1236,7
1237,7
1238,9
1239,9
1240,6
1241,5
1242,6
1243,24
1244,15
1245,6
1246,7
1247,13
1248,6
1249,6
1250,2
1251,9
1252,17
1253,6
1254,28
1255,4
1256,18
1257,18
1258,18
1259,6
1260,7
1261,6
1262,7
1263,9
1264,9
1265,14
1266,5
1267,7
1268,17
1269,7
1270,7
1271,7
1272,18
1273,8
1274,13
1275,21
1276,8
1277,9
1278,6
1279,7
1280,7
1281,7
1282,7
1283,7
1284,1
1285,9
1286,9
1287,4
1288,5
1289,7
1290,4
1291,1
1292,17
1293,17
1294,2
1295,24
1296,9
1297,23
1298,7
1299,9
1300,28
1301,5
1302,27
1303,13
1304,7
1305,6
1306,7
1307,7
1308,7
1309,7
1310,25
1311,24
1312,4
1313,31
1314,2
1315,24
1316,1
1317,12
1318,1
1319,9
1320,22
1321,9
1322,32
1323,7
1324,12
1325,7
1326,5
1327,5
1328,14
1329,24
1330,2
1331,24
1332,20
1333,7
1334,7
1335,5
1336,6
1337,15
1338,24
1339,24
1340,2
1341,24
1342,24
1343,9
1344,20
1345,9
1346,7
1347,1
1348,18
1349,7
1350,18
1351,7
1352,1
1353,9
1354,9
1355,1
1356,1
1357,6
1358,6
1359,1
1360,2
1361,7
1362,13
1363,7
1364,18
1365,7
1366,37
1367,9
1368,17
1369,1
1370,18
1371,6
1372,7
1373,9
1374,20
1375,7
1376,5
1377,9
1378,9
1379,9
1380,6
1381,6
1382,1
1383,24
1384,5
1385,5
1386,17
1387,12
1388,18
1389,14
1390,9
1391,2
1392,7
1393,31
1394,22
1395,9
1396,24
1397,24
1398,7
1399,20
1400,7
1401,1
1402,10
1403,5
1404,12
1405,1
1406,7
1407,31
1408,7
1409,35
1410,22
1411,6
1412,6
1413,7
1414,24
1415,7
1416,17
1417,7
1418,15
1419,13
1420,4
1421,2
1422,24
1423,8
1424,3
1425,7
1426,17
1427,3
1428,18
1429,20
1430,14
1431,24
1432,7
1433,7
1434,9
1435,8
1436,7
1437,27
1438,18
1439,2
1440,12
1441,9
1442,17
1443,13
1444,5
1445,24
1446,24
1447,24
1448,24
1449,24
1450,28
1451,7
1452,22
1453,1
1454,35
1455,14
1456,7
1457,17
1458,28
1459,5
1460,1
1461,24
1462,2
1463,6
1464,9
1465,1
1466,17
1467,7
1468,24
1469,8
1470,2
1471,2
1472,1
1473,12
1474,25
1475,8
1476,6
1477,7
1478,11
1479,2
1480,25
1481,24
1482,24
1483,24
1484,15
1485,1
1486,15
1487,24
1488,22
1489,3
1490,24
1491,7
1492,7
1493,7
1494,6
1495,7
1496,7
1497,7
1498,7
1499,6
1500,6
1501,7
1502,24
1503,7
1504,28
1505,7
1506,7
1507,7
1508,7
1509,7
1510,29
1511,7
1512,31
1513,31
1514,5
1515,28
1516,28
1517,9
1518,12
1519,2
1520,7
1521,7
1522,7
1523,7
1524,2
1525,31
1526,31
1527,9
1528,7
1529,9
1530,28
1531,24
1532,6
1533,7
1534,32
1535,28
1536,24
1537,7
1538,6
1539,7
1540,9
1541,7
1542,5
1543,5
1544,7
1545,7
1546,4
1547,6
1548,7
1549,7
1550,7
1551,9
1552,6
1553,7
1554,7
1555,7
1556,7
1557,28
1558,5
1559,24
1560,24
1561,7
1562,20
1563,4
1564,4
1565,7
1566,24
1567,2
1568,7
1569,9
1570,12
1571,9
1572,4
1573,24
1574,28
1575,9
1576,25
1577,28
1578,14
1579,1
1580,28
1581,18
1582,8
1583,32
1584,3
1585,2
1586,1
1587,1
1588,14
1589,28
1590,4
1591,5
1592,6
1593,5
1594,12
1595,7
1596,3
1597,27
1598,15
1599,28
1600,3
1601,7
1602,22
1603,8
1604,6
1605,22
1606,28
1607,7
1608,28
1609,7
1610,7
1611,6
1612,6
1613,7
1614,18
1615,11
1616,14
1617,9
1618,9
1619,3
1620,2
1621,5
1622,33
1623,1
1624,24
1625,5
1626,7
1627,24
1628,5
1629,5
1630,1
1631,24
1632,7
1633,7
1634,13
1635,3
1636,7
1637,5
1638,13
1639,7
1640,17
1641,1
1642,1
1643,9
1644,7
1645,9
1646,9
1647,7
1648,19
1649,19
1650,7
1651,7
1652,6
1653,13
1654,7
1655,6
1656,22
1657,24
1658,5
1659,17
1660,9
1661,9
1662,24
1663,24
1664,12
1665,12
1666,5
1667,5
1668,7
1669,17
1670,8
1671,4
1672,27
1673,9
1674,7
1675,21
1676,7
1677,18
1678,9
1679,7
1680,9
1681,8
1682,7
1683,11
1684,7
1685,7
1686,7
1687,7
1688,7
1689,18
1690,7
1691,9
1692,6
1693,9
1694,15
1695,9
1696,9
1697,9
1698,7
1699,7
1700,17
1701,9
1702,9
1703,9
1704,15
1705,7
1706,10
1707,7
1708,7
1709,5
1710,24
1711,35
1712,28
1713,4
1714,8
1715,6
1716,14
1717,7
1718,7
1719,4
1720,7
1721,7
1722,9
1723,7
1724,7
1725,17
1726,7
1727,17
1728,2
1729,8
1730,8
1731,2
1732,2
1733,1
1734,2
1735,9
1736,18
1737,7
1738,7
1739,9
1740,7
1741,2
1742,7
1743,1
1744,6
1745,17
1746,7
1747,7
1748,7
1749,2
1750,12
1751,9
1752,7
1753,7
1754,8
1755,2
1756,9
1757,1
1758,12
1759,24
1760,17
1761,2
1762,8
1763,7
1764,7
1765,7
1766,7
1767,7
1768,9
1769,7
1770,9
1771,8
1772,9
1773,9
1774,15
1775,7
1776,7
1777,9
1778,9
1779,15
1780,1
1781,7
1782,19
1783,8
1784,1
1785,6
1786,9
1787,9
1788,32
1789,22
1790,18
1791,22
1792,7
1793,31
1794,14
1795,5
1796,2
1797,14
1798,14
1799,28
1800,28
1801,28
1802,2
1803,9
1804,24
1805,7
1806,17
1807,7
1808,9
1809,8
1810,7
1811,9
1812,18
1813,4
1814,5
1815,4
1816,28
1817,24
1818,7
1819,7
1820,6
1821,7
1822,7
1823,7
1824,6
1825,13
1826,28
1827,24
1828,7
1829,6
1830,7
1831,31
1832,31
1833,6
1834,24
1835,7
1836,7
1837,13
1838,7
1839,6
1840,6
1841,7
1842,7
1843,6
1844,7
1845,14
1846,37
1847,13
1848,13
1849,13
1850,12
1851,7
1852,32
1853,6
1854,24
1855,1
1856,17
1857,9
1858,9
1859,17
1860,6
1861,35
1862,4
1863,24
1864,23
1865,23
1866,9
1867,7
1868,7
1869,14
1870,7
1871,9
1872,17
1873,17
1874,17
1875,7
1876,7
1877,7
1878,6
1879,7
1880,7
1881,7
1882,6
1883,7
1884,8
1885,7
1886,12
1887,16
1888,20
1889,3
1890,7
1891,24
1892,24
1893,6
1894,6
1895,13
1896,7
1897,7
1898,6
1899,24
1900,13
1901,6
1902,6
1903,6
1904,6
1905,6
1906,14
1907,12
1908,13
1909,6
1910,5
1911,13
1912,6
1913,6
1914,7
1915,5
1916,7
1917,6
1918,7
1919,5
1920,7
1921,9
1922,7
1923,14
1924,14
1925,5
1926,28
1927,12
1928,7
1929,7
1930,7
1931,7
1932,5
1933,5
1934,5
1935,5
1936,5
1937,6
1938,17
1939,18
1940,17
1941,6
1942,24
1943,28
1944,14
1945,7
1946,28
1947,5
1948,7
1949,15
1950,20
1951,13
1952,28
1953,9
1954,17
1955,4
1956,9
1957,25
1958,28
1959,14
1960,14
1961,7
1962,6
1963,7
1964,7
1965,7
1966,7
1967,7
1968,21
1969,14
1970,15
1971,9
1972,7
1973,7
1974,24
1975,2
1976,1
1977,6
1978,6
1979,7
1980,9
1981,2
1982,22
1983,22
1984,28
1985,7
1986,7
1987,7
1988,7
1989,31
1990,1
1991,8
1992,2
1993,8
1994,2
1995,29
1996,8
1997,2
1998,2
1999,6
2000,7
2001,7
2002,3
2003,7
2004,18
2005,27
2006,1
2007,2
2008,5
2009,27
2010,9
2011,5
2012,7
2013,13
2014,27
2015,21
2016,1
2017,7
2018,3
2019,7
2020,6
2021,7
2022,6
2023,6
2024,7
2025,1
2026,9
2027,7
2028,14
2029,14
2030,8
2031,8
2032,5
2033,7
2034,5
2035,5
2036,5
2037,5
2038,17
2039,9
2040,1
2041,28
2042,17
2043,6
2044,24
2045,7
2046,28
2047,29
2048,15
2049,5
2050,20
2051,1
2052,5
2053,2
2054,2
2055,8
2056,7
2057,18
2058,14
2059,13
2060,9
2061,6
2062,7
2063,5
2064,5
2065,15
2066,1
2067,5
2068,20
2069,5
2070,5
2071,5
2072,6
2073,5
2074,7
2075,5
2076,7
2077,20
2078,9
2079,6
2080,5
2081,13
2082,6
2083,9
2084,5
2085,5
2086,8
2087,5
2088,9
2089,7
2090,7
2091,7
2092,7
2093,9
2094,8
2095,17
2096,9
2097,20
2098,7
2099,5
2100,7
2101,5
2102,9
2103,13
2104,7
2105,7
2106,7
2107,7
2108,7
2109,7
2110,7
2111,14
2112,8
2113,8
2114,6
2115,17
2116,8
2117,6
2118,11
2119,35
2120,7
2121,18
2122,8
2123,9
2124,3
2125,22
2126,32
2127,9
2128,22
2129,9
2130,7
2131,5
2132,3
2133,1
2134,20
2135,6
2136,6
2137,17
2138,17
2139,7
2140,27
2141,7
2142,4
2143,7
2144,5
2145,24
2146,6
2147,23
2148,13
2149,7
2150,6
2151,7
2152,28
2153,28
2154,18
2155,22
2156,13
2157,7
2158,7
2159,7
2160,9
2161,9
2162,9
2163,7
2164,7
2165,7
2166,7
2167,17
2168,28
2169,7
2170,17
2171,21
2172,28
2173,18
2174,7
2175,7
2176,7
2177,7
2178,7
2179,7
2180,6
2181,5
2182,20
2183,7
2184,1
2185,7
2186,6
2187,6
2188,1
2189,1
2190,20
2191,38
2192,2
2193,6
2194,7
2195,9
2196,6
2197,14
2198,14
2199,17
2200,24
2201,6
2202,14
2203,35
2204,14
2205,7
2206,14
2207,7
2208,7
2209,8
2210,7
2211,22
2212,24
2213,14
2214,20
2215,9
2216,9
2217,15
2218,7
2219,7
2220,7
2221,7
2222,7
2223,18
2224,7
2225,5
2226,16
2227,14
2228,14
2229,14
2230,14
2231,14
2232,7
2233,7
2234,7
2235,7
2236,20
2237,1
2238,4
2239,13
2240,7
2241,7
2242,7
2243,17
2244,9
2245,7
2246,1
2247,13
2248,8
2249,7
2250,6
2251,7
2252,18
2253,15
2254,35
2255,6
2256,7
2257,7
2258,7
2259,4
2260,4
2261,7
2262,7
2263,6
2264,7
2265,7
2266,5
2267,28
2268,7
2269,9
2270,9
2271,7
2272,27
2273,3
2274,22
2275,20
2276,24
2277,7
2278,1
2279,12
2280,12
2281,7
2282,4
2283,8
2284,6
2285,24
2286,18
2287,18
2288,18
2289,18
2290,14
2291,14
2292,28
2293,28
2294,2
2295,28
2296,14
2297,7
2298,15
2299,25
2300,25
2301,24
2302,6
2303,6
2304,24
2305,20
2306,1
2307,5
2308,7
2309,6
2310,20
2311,20
2312,23
2313,5
2314,39
2315,24
2316,7
2317,7
2318,7
2319,7
2320,1
2321,3
2322,6
2323,7
2324,24
2325,22
2326,2
2327,7
2328,13
2329,13
2330,7
2331,6
2332,6
2333,7
2334,11
2335,14
2336,7
2337,15
2338,9
2339,5
2340,5
2341,5
2342,13
2343,6
2344,7
2345,6
2346,7
2347,7
2348,9
2349,13
2350,5
2351,14
2352,35
2353,5
2354,8
2355,2
2356,7
2357,32
2358,2
2359,7
2360,7
2361,21
2362,7
2363,7
2364,13
2365,6
2366,1
2367,8
2368,2
2369,1
2370,18
2371,2
2372,28
2373,18
2374,5
2375,7
2376,8
2377,2
2378,22
2379,9
2380,1
2381,5
2382,5
2383,7
2384,17
2385,20
2386,23
2387,40
2388,3
2389,28
2390,6
2391,7
2392,2
2393,7
2394,2
2395,20
2396,7
2397,7
2398,8
2399,6
2400,7
2401,7
2402,6
2403,7
2404,9
2405,1
2406,12
2407,25
2408,7
2409,9
2410,6
2411,20
2412,18
2413,5
2414,5
2415,6
2416,38
2417,7
2418,38
2419,5
2420,7
2421,7
2422,7
2423,38
2424,1
2425,7
2426,6
2427,7
2428,7
2429,13
2430,15
2431,6
2432,9
2433,38
2434,31
2435,13
2436,7
2437,7
2438,5
2439,1
2440,1
2441,1
2442,1
2443,27
2444,5
2445,22
2446,22
2447,38
2448,6
2449,7
2450,13
2451,7
2452,7
2453,24
2454,24
2455,24
2456,24
2457,21
2458,9
2459,7
2460,13
2461,6
2462,38
2463,15
2464,14
2465,14
2466,1
2467,10
2468,6
2469,24
2470,6
2471,6
2472,17
2473,7
2474,17
2475,17
2476,17
2477,4
2478,18
2479,7
2480,4
2481,24
2482,20
2483,9
2484,14
2485,14
2486,14
2487,14
2488,14
2489,14
2490,24
2491,28
2492,18
2493,7
2494,7
2495,7
2496,7
2497,7
2498,9
2499,14
2500,24
2501,5
2502,7
2503,2
2504,2
2505,7
2506,14
2507,28
2508,24
2509,28
2510,28
2511,13
2512,6
2513,7
2514,7
2515,18
2516,23
2517,22
2518,9
2519,23
2520,7
2521,14
2522,18
2523,4
2524,5
2525,7
2526,8
2527,9
2528,9
2529,6
2530,27
2531,31
2532,18
2533,8
2534,6
2535,7
2536,6
2537,13
2538,6
2539,6
2540,7
2541,6
2542,2
2543,22
2544,8
2545,38
2546,28
2547,5
2548,18
2549,4
2550,9
2551,24
2552,7
2553,17
2554,39
2555,1
2556,1
2557,35
2558,12
2559,14
2560,7
2561,7
2562,6
2563,7
2564,1
2565,7
2566,1
2567,29
2568,1
2569,7
2570,13
2571,6
2572,14
2573,5
2574,7
2575,4
2576,13
2577,14
2578,7
2579,7
2580,11
2581,7
2582,5
2583,7
2584,17
2585,7
2586,7
2587,6
2588,7
2589,28
2590,1
2591,14
2592,14
2593,23
2594,24
2595,24
2596,24
2597,24
2598,13
2599,8
2600,2
2601,6
2602,40
2603,28
2604,31
2605,4
2606,7
2607,1
2608,10
2609,7
2610,24
2611,7
2612,7
2613,4
2614,4
2615,24
2616,9
2617,7
2618,35
2619,6
2620,6
2621,38
2622,6
2623,38
2624,6
2625,28
2626,28
2627,7
2628,6
2629,38
2630,7
2631,14
2632,14
2633,6
2634,3
2635,35
2636,24
2637,22
2638,7
2639,7
2640,7
2641,9
2642,29
2643,17
2644,5
2645,20
2646,2
2647,9
2648,31
2649,24
2650,24
2651,8
2652,17
2653,6
2654,14
2655,7
2656,7
2657,14
2658,20
2659,18
2660,8
2661,5
2662,17
2663,5
2664,6
2665,4
2666,24
2667,28
2668,7
2669,23
2670,23
2671,38
2672,22
2673,3
2674,3
2675,3
2676,3
2677,5
2678,6
2679,7
2680,7
2681,7
2682,7
2683,12
2684,31
2685,4
2686,1
2687,7
2688,1
2689,8
2690,8
2691,29
2692,1
2693,8
2694,9
2695,20
2696,5
2697,6
2698,18
2699,1
2700,1
2701,20
2702,18
2703,9
2704,9
2705,18
2706,18
2707,7
2708,2
2709,7
2710,6
2711,7
2712,9
2713,1
2714,6
2715,12
2716,7
2717,12
2718,13
2719,6
2720,5
2721,5
2722,24
2723,17
2724,1
2725,7
2726,7
2727,20
2728,15
2729,2
2730,8
2731,17
2732,5
2733,9
2734,8
2735,7
2736,6
2737,6
2738,13
2739,19
2740,7
2741,31
2742,7
2743,35
2744,18
2745,6
2746,9
2747,20
2748,2
2749,9
2750,9
2751,8
2752,9
2753,15
2754,6
2755,5
2756,38
2757,7
2758,2
2759,1
2760,7
2761,20
2762,13
2763,8
2764,2
2765,17
2766,16
2767,6
2768,7
2769,2
2770,8
2771,5
2772,7
2773,7
2774,5
2775,5
2776,14
2777,13
2778,7
2779,7
2780,6
2781,7
2782,2
2783,6
2784,7
2785,8
2786,5
2787,7
2788,7
2789,7
2790,24
2791,14
2792,22
2793,9
2794,27
2795,38
2796,3
2797,14
2798,5
2799,14
2800,7
2801,9
2802,24
2803,24
2804,1
2805,5
2806,7
2807,6
2808,13
2809,13
2810,7
2811,15
2812,6
2813,14
2814,6
2815,14
2816,13
2817,13
2818,9
2819,5
2820,5
2821,5
2822,5
2823,6
2824,6
2825,24
2826,24
2827,24
2828,5
2829,24
2830,35
2831,7
2832,9
2833,24
2834,5
2835,24
2836,7
2837,2
2838,15
2839,2
2840,8
2841,8
2842,2
2843,19
2844,12
2845,5
2846,35
2847,7
2848,7
2849,9
2850,12
2851,7
2852,18
2853,9
2854,7
2855,29
2856,8
2857,7
2858,7
2859,22
2860,7
2861,18
2862,7
2863,7
2864,7
2865,7
2866,24
2867,7
2868,5
2869,9
2870,7
2871,31
2872,19
2873,11
2874,20
2875,7
2876,7
2877,7
2878,22
2879,7
2880,7
2881,40
2882,6
2883,1
2884,19
2885,7
2886,22
2887,8
2888,1
2889,28
2890,24
2891,24
2892,4
2893,28
2894,7
2895,28
2896,23
2897,4
2898,24
2899,24
2900,24
2901,24
2902,24
2903,24
2904,24
2905,24
2906,24
2907,24
2908,24
2909,7
2910,24
2911,24
2912,6
2913,8
2914,8
2915,15
2916,17
2917,17
2918,2
2919,7
2920,9
2921,8
2922,7
2923,7
2924,6
2925,13
2926,24
2927,2
2928,35
2929,7
2930,35
2931,5
2932,18
2933,7
2934,1
2935,38
2936,7
2937,7
2938,7
2939,6
2940,7
2941,7
2942,7
2943,8
2944,2
2945,9
2946,14
2947,7
2948,7
2949,5
2950,7
2951,7
2952,7
2953,7
2954,1
2955,7
2956,7
2957,6
2958,9
2959,24
2960,31
2961,31
2962,7
2963,7
2964,5
2965,13
2966,7
2967,9
2968,24
2969,7
2970,6
2971,7
2972,6
2973,9
2974,35
2975,20
2976,7
2977,14
2978,7
2979,6
2980,31
2981,7
2982,7
2983,1
2984,7
2985,6
2986,7
2987,6
2988,9
2989,4
2990,1
2991,14
2992,7
2993,9
2994,28
2995,28
2996,2
2997,14
2998,1
2999,22
3000,1
3001,7
3002,7
3003,6
3004,7
3005,5
3006,5
3007,5
3008,7
3009,9
3010,9
3011,9
3012,1
3013,24
3014,24
3015,7
3016,23
3017,12
3018,28
3019,24
3020,24
3021,24
3022,24
3023,24
3024,24
3025,24
3026,24
3027,24
3028,24
3029,24
3030,28
3031,24
3032,24
3033,24
3034,24
3035,24
3036,24
3037,24
3038,24
3039,24
3040,24
3041,24
3042,24
3043,24
3044,40
3045,6
3046,6
3047,20
3048,14
3049,7
3050,2
3051,35
3052,7
3053,7
3054,20
3055,7
3056,7
3057,28
3058,1
3059,3
3060,15
3061,9
3062,24
3063,1
3064,7
3065,7
3066,1
3067,5
3068,5
3069,7
3070,7
3071,9
3072,6
3073,7
3074,8
3075,2
3076,12
3077,28
3078,22
3079,7
3080,7
3081,7
3082,9
3083,20
3084,2
3085,7
3086,12
3087,7
3088,24
3089,5
3090,7
3091,7
3092,7
3093,20
3094,7
3095,14
3096,14
3097,14
3098,10
3099,24
3100,24
3101,24
3102,24
3103,22
3104,24
3105,4
3106,24
3107,35
3108,7
3109,7
3110,22
3111,28
3112,1
3113,7
3114,18
3115,9
3116,1
3117,7
3118,23
3119,7
3120,40
3121,14
3122,6
3123,2
3124,15
3125,14
3126,14
3127,9
3128,5
3129,24
3130,7
3131,7
3132,5
3133,8
3134,9
3135,2
3136,2
3137,7
3138,7
3139,21
3140,15
3141,24
3142,5
3143,6
3144,6
3145,8
3146,7
3147,7
3148,7
3149,24
3150,13
3151,13
3152,13
3153,14
3154,1
3155,2
3156,35
3157,7
3158,6
3159,7
3160,7
3161,13
3162,7
3163,1
3164,24
3165,14
3166,5
3167,5
3168,24
3169,24
3170,31
3171,7
3172,7
3173,22
3174,23
3175,14
3176,14
3177,2
3178,9
3179,8
3180,7
3181,9
3182,7
3183,7
3184,6
3185,6
3186,24
3187,24
3188,24
3189,31
3190,7
3191,13
3192,1
3193,31
3194,31
3195,23
3196,4
3197,4
3198,4
3199,7
3200,9
3201,7
3202,7
3203,7
3204,18
3205,5
3206,24
3207,20
3208,2
3209,14
3210,7
3211,7
3212,6
3213,7
3214,2
3215,1
3216,8
3217,7
3218,13
3219,2
3220,2
3221,8
3222,1
3223,5
3224,7
3225,6
3226,7
3227,7
3228,7
3229,6
3230,7
3231,28
3232,14
3233,14
3234,13
3235,5
3236,5
3237,7
3238,20
3239,7
3240,7
3241,6
3242,2
3243,22
3244,7
3245,28
3246,14
3247,14
3248,6
3249,7
3250,14
3251,11
3252,5
3253,1
3254,6
3255,17
3256,6
3257,4
3258,14
3259,6
3260,17
3261,22
3262,7
3263,15
3264,28
3265,24
3266,17
3267,9
3268,7
3269,4
3270,4
3271,7
3272,7
3273,6
3274,13
3275,6
3276,6
3277,6
3278,13
3279,6
3280,6
3281,13
3282,13
3283,6
3284,6
3285,6
3286,6
3287,13
3288,6
3289,6
3290,6
3291,6
3292,6
3293,6
3294,6
3295,11
3296,7
3297,7
3298,7
3299,18
3300,21
3301,14
3302,38
3303,18
3304,7
3305,7
3306,4
3307,18
3308,4
3309,18
3310,23
3311,18
3312,1
3313,12
3314,7
3315,7
3316,18
3317,1
3318,14
3319,24
3320,6
3321,6
3322,7
3323,7
3324,7
3325,7
3326,7
3327,13
3328,12
3329,7
3330,7
3331,7
3332,9
3333,6
3334,12
3335,7
3336,18
3337,7
3338,9
3339,7
3340,28
3341,21
3342,9
3343,1
3344,17
3345,9
3346,17
3347,9
3348,5
3349,24
3350,22
3351,15
3352,1
3353,6
3354,6
3355,7
3356,7
3357,14
3358,5
3359,28
3360,7
3361,9
3362,28
3363,12
3364,2
3365,1
3366,1
3367,1
3368,15
3369,9
3370,19
3371,6
3372,24
3373,24
3374,20
3375,7
3376,16
3377,4
3378,7
3379,22
3380,24
3381,24
3382,6
3383,24
3384,18
3385,9
3386,7
3387,7
3388,7
3389,7
3390,6
3391,18
3392,8
3393,20
3394,7
3395,18
3396,6
3397,9
3398,7
3399,8
3400,28
3401,6
3402,27
3403,24
3404,18
3405,6
3406,5
3407,1
3408,1
3409,6
3410,9
3411,4
3412,1
3413,20
3414,20
3415,8
3416,31
3417,5
3418,2
3419,8
3420,5
3421,17
3422,35
3423,6
3424,7
3425,7
3426,6
3427,6
3428,20
3429,6
3430,16
3431,2
3432,40
3433,24
3434,7
3435,6
3436,24
3437,9
3438,5
3439,5
3440,5
3441,1
3442,1
3443,24
3444,8
3445,20
3446,6
3447,12
3448,22
3449,28
3450,6
3451,8
3452,4
3453,24
3454,2
3455,9
3456,7
3457,15
3458,2
3459,7
3460,6
3461,7
3462,14
3463,14
3464,28
3465,4
3466,28
3467,9
3468,9
3469,24
3470,5
3471,7
3472,7
3473,32
3474,24
3475,7
3476,9
3477,22
3478,6
3479,31
3480,8
3481,9
3482,2
3483,5
3484,22
3485,7
3486,24
3487,24
3488,12
3489,28
3490,18
3491,7
3492,7
3493,4
3494,40
3495,7
3496,13
3497,7
3498,17
3499,24
3500,7
3501,6
3502,7
3503,27
3504,6
3505,7
3506,7
3507,24
3508,24
3509,17
3510,7
3511,7
3512,16
3513,27
3514,4
3515,4
3516,28
3517,24
3518,27
3519,7
3520,7
3521,7
3522,7
3523,28
3524,7
3525,14
3526,5
3527,24
3528,24
3529,24
3530,24
3531,24
3532,24
3533,24
3534,24
3535,24
3536,28
3537,12
3538,1
3539,13
3540,20
3541,6
3542,14
3543,14
3544,13
3545,6
3546,28
3547,6
3548,24
3549,9
3550,6
3551,9
3552,5
3553,14
3554,1
3555,7
3556,24
3557,7
3558,7
3559,7
3560,7
3561,24
3562,4
3563,17
3564,7
3565,7
3566,1
3567,5
3568,7
3569,14
3570,5
3571,5
3572,7
3573,14
3574,7
3575,7
3576,4
3577,6
3578,1
3579,7
3580,7
3581,38
3582,24
3583,24
3584,24
3585,24
3586,24
3587,24
3588,24
3589,24
3590,24
3591,24
3592,3
3593,24
3594,13
3595,24
3596,6
3597,7
3598,14
3599,14
3600,14
3601,14
3602,14
3603,14
3604,14
3605,14
3606,14
3607,7
3608,6
3609,7
3610,6
3611,7
3612,1
3613,7
3614,1
3615,1
3616,9
3617,1
3618,7
3619,14
3620,7
3621,7
3622,22
3623,7
3624,6
3625,19
3626,6
3627,9
3628,7
3629,7
3630,15
3631,15
3632,9
3633,7
3634,13
3635,18
3636,24
3637,6
3638,7
3639,28
3640,7
3641,28
3642,7
3643,6
3644,1
3645,4
3646,23
3647,7
3648,9
3649,6
3650,6
3651,23
3652,18
3653,9
3654,7
3655,7
3656,7
3657,7
3658,20
3659,9
3660,9
3661,1
3662,7
3663,5
3664,28
3665,9
3666,7
3667,28
3668,1
3669,24
3670,14
3671,15
3672,6
3673,6
3674,8
3675,15
3676,24
3677,13
3678,6
3679,7
3680,7
3681,6
3682,7
3683,6
3684,6
3685,35
3686,6
3687,13
3688,6
3689,6
3690,20
3691,9
3692,24
3693,7
3694,30
3695,2
3696,1
3697,7
3698,7
3699,6
3700,5
3701,5
3702,5
3703,1
3704,9
3705,14
3706,9
3707,7
3708,14
3709,35
3710,7
3711,35
3712,9
3713,14
3714,15
3715,7
3716,2
3717,2
3718,1
3719,9
3720,9
3721,9
3722,7
3723,18
3724,18
3725,9
3726,5
3727,24
3728,5
3729,5
3730,5
3731,9
3732,6
3733,9
3734,7
3735,24
3736,5
3737,24
3738,6
3739,13
3740,24
3741,14
3742,14
3743,5
3744,13
3745,28
3746,24
3747,1
3748,7
3749,14
3750,14
3751,17
3752,22
3753,6
3754,35
3755,14
3756,24
3757,7
3758,41
3759,7
3760,5
3761,7
3762,7
3763,8
3764,9
3765,9
3766,14
3767,7
3768,24
3769,23
3770,18
3771,28
3772,7
3773,5
3774,6
3775,14
3776,5
3777,5
3778,14
3779,28
3780,5
3781,7
3782,22
3783,24
3784,9
3785,20
3786,20
3787,28
3788,6
3789,8
3790,6
3791,24
3792,24
3793,24
3794,6
3795,7
3796,6
3797,24
3798,1
3799,1
3800,1
3801,1
3802,18
3803,14
3804,14
3805,35
3806,35
3807,7
3808,6
3809,8
3810,7
3811,24
3812,1
3813,7
3814,13
3815,4
3816,3
3817,7
3818,28
3819,28
3820,6
3821,24
3822,5
3823,35
3824,28
3825,7
3826,8
3827,7
3828,1
3829,6
3830,6
3831,6
3832,28
3833,28
3834,5
3835,29
3836,6
3837,7
3838,6
3839,35
3840,8
3841,9
3842,4
3843,5
3844,28
3845,14
3846,6
3847,28
3848,6
3849,24
3850,24
3851,24
3852,24
3853,24
3854,6
3855,6
3856,7
3857,9
3858,15
3859,24
3860,9
3861,9
3862,23
3863,20
3864,7
3865,20
3866,28
3867,7
3868,26
3869,13
3870,28
3871,28
3872,9
3873,14
3874,35
3875,7
3876,7
3877,7
3878,13
3879,20
3880,24
3881,24
3882,6
3883,13
3884,28
3885,8
3886,2
3887,9
3888,13
3889,13
3890,13
3891,13
3892,2
3893,8
3894,2
3895,5
3896,24
3897,35
3898,7
3899,7
3900,7
3901,24
3902,24
3903,1
3904,8
3905,2
3906,2
3907,20
3908,20
3909,1
3910,28
3911,24
3912,38
3913,17
3914,17
3915,35
3916,2
3917,2
3918,7
3919,1
3920,6
3921,15
3922,14
3923,24
3924,28
3925,14
3926,28
3927,7
3928,1
3929,2
3930,6
3931,17
3932,24
3933,24
3934,7
3935,9
3936,4
3937,7
3938,14
3939,6
3940,1
3941,20
3942,24
3943,1
3944,6
3945,28
3946,28
3947,22
3948,7
3949,7
3950,1
3951,2
3952,1
3953,14
3954,9
3955,14
3956,15
3957,24
3958,2
3959,2
3960,20
3961,37
3962,1
3963,20
3964,7
3965,18
3966,6
3967,7
3968,7
3969,9
3970,9
3971,19
3972,7
3973,14
3974,14
3975,14
3976,14
3977,14
3978,14
3979,14
3980,14
3981,15
3982,14
3983,14
3984,14
3985,14
3986,14
3987,14
3988,14
3989,14
3990,14
3991,14
3992,13
3993,28
3994,28
3995,28
3996,6
3997,6
3998,28
3999,7
4000,6
4001,17
4002,28
4003,7
4004,24
4005,9
4006,13
4007,1
4008,7
4009,24
4010,8
4011,2
4012,2
4013,17
4014,8
4015,24
4016,1
4017,15
4018,15
4019,7
4020,7
4021,7
4022,7
4023,7
4024,7
4025,7
4026,7
4027,6
4028,6
4029,14
4030,22
4031,22
4032,22
4033,7
4034,20
4035,14
4036,23
4037,8
4038,40
4039,40
4040,14
4041,6
4042,6
4043,6
4044,6
4045,7
4046,6
4047,13
4048,24
4049,1
4050,24
4051,14
4052,14
4053,14
4054,14
4055,28
4056,38
4057,13
4058,28
4059,1
4060,2
4061,28
4062,28
4063,28
4064,28
4065,24
4066,24
4067,7
4068,10
4069,7
4070,24
4071,28
4072,28
4073,28
4074,14
4075,14
4076,4
4077,17
4078,2
4079,8
4080,2
4081,2
4082,8
4083,7
4084,5
4085,20
4086,14
4087,7
4088,7
4089,24
4090,24
4091,7
4092,7
4093,6
4094,5
4095,14
4096,7
4097,7
4098,6
4099,7
4100,1
4101,14
4102,14
4103,1
4104,14
4105,31
4106,7
4107,6
4108,7
4109,28
4110,1
4111,2
4112,28
4113,28
4114,18
4115,18
4116,17
4117,24
4118,21
4119,21
4120,2
4121,1
4122,28
4123,28
4124,28
4125,7
4126,24
4127,14
4128,7
4129,6
4130,20
4131,2
4132,24
4133,15
4134,14
4135,1
4136,8
4137,6
4138,7
4139,7
4140,27
4141,4
4142,28
4143,6
4144,14
4145,7
4146,7
4147,7
4148,7
4149,6
4150,3
4151,6
4152,7
4153,6
4154,7
4155,24
4156,24
4157,6
4158,28
4159,7
4160,7
4161,20
4162,18
4163,7
4164,5
4165,28
4166,28
4167,24
4168,4
4169,1
4170,6
4171,24
4172,24
4173,9
4174,24
4175,4
4176,7
4177,5
4178,14
4179,13
4180,13
4181,13
4182,13
4183,13
4184,13
4185,13
4186,13
4187,13
4188,13
4189,13
4190,38
4191,28
4192,28
4193,28
4194,28
4195,28
4196,28
4197,24
4198,15
4199,7
4200,7
4201,2
4202,8
4203,1
4204,17
4205,35
4206,14
4207,14
4208,8
4209,1
4210,14
4211,6
4212,7
4213,28
4214,28
4215,7
4216,7
4217,9
4218,5
4219,8
4220,2
4221,1
4222,2
4223,8
4224,28
4225,24
4226,14
4227,1
4228,9
4229,9
4230,24
4231,24
4232,15
4233,5
4234,5
4235,8
4236,28
4237,24
4238,9
4239,2
4240,9
4241,28
4242,28
4243,28
4244,9
4245,5
4246,28
4247,7
4248,1
4249,1
4250,1
4251,28
4252,28
4253,28
4254,28
4255,5
4256,7
4257,6
4258,6
4259,7
4260,6
4261,7
4262,13
4263,13
4264,24
4265,3
4266,6
4267,1
4268,7
4269,28
4270,28
4271,14
4272,7
4273,14
4274,7
4275,24
4276,6
4277,7
4278,7
4279,7
4280,7
4281,7
4282,7
4283,7
4284,7
4285,2
4286,17
4287,6
4288,7
4289,8
4290,14
4291,1
4292,2
4293,8
4294,28
4295,28
4296,7
4297,2
4298,14
4299,14
4300,14
4301,6
4302,6
4303,6
4304,7
4305,15
4306,13
4307,13
4308,8
4309,7
4310,7
4311,2
4312,17
4313,7
4314,13
4315,7
4316,7
4317,9
4318,1
4319,12
4320,7
4321,7
4322,9
4323,28
4324,9
4325,7
4326,12
4327,20
4328,12
4329,9
4330,9
4331,6
4332,14
4333,14
4334,24
4335,8
4336,9
4337,5
4338,1
4339,8
4340,2
4341,7
4342,7
4343,7
4344,28
4345,15
4346,7
4347,7
4348,7
4349,7
4350,7
4351,23
4352,7
4353,14
4354,7
4355,7
4356,7
4357,9
4358,9
4359,1
4360,38
4361,6
4362,9
4363,7
4364,30
4365,9
4366,24
4367,7
4368,1
4369,8
4370,1
4371,1
4372,7
4373,2
4374,8
4375,24
4376,18
4377,28
4378,24
4379,2
4380,24
4381,22
4382,5
4383,1
4384,15
4385,6
4386,7
4387,24
4388,13
4389,28
4390,24
4391,24
4392,24
4393,17
4394,24
4395,24
4396,24
4397,17
4398,4
4399,4
4400,24
4401,7
4402,7
4403,7
4404,14
4405,14
4406,5
4407,7
4408,38
4409,28
4410,24
4411,6
4412,18
4413,23
4414,1
4415,1
4416,24
4417,24
4418,24
4419,1
4420,28
4421,28
4422,28
4423,24
4424,6
4425,4
4426,9
4427,9
4428,17
4429,6
4430,28
4431,7
4432,32
4433,15
4434,9
4435,6
4436,5
4437,5
4438,31
4439,9
4440,6
4441,24
4442,24
4443,7
4444,7
4445,18
4446,7
4447,7
4448,24
4449,24
4450,2
4451,24
4452,24
4453,3
4454,5
4455,1
4456,1
4457,24
4458,1
4459,7
4460,24
4461,8
4462,8
4463,8
4464,8
4465,8
4466,7
4467,24
4468,8
4469,8
4470,7
4471,9
4472,4
4473,6
4474,2
4475,22
4476,6
4477,23
4478,24
4479,24
4480,13
4481,28
4482,14
4483,7
4484,7
4485,9
4486,24
4487,7
4488,7
4489,14
4490,14
4491,18
4492,7
4493,28
4494,1
4495,17
4496,15
4497,14
4498,13
4499,24
4500,14
4501,14
4502,24
4503,5
4504,40
4505,5
4506,14
4507,5
4508,18
4509,8
4510,9
4511,9
4512,14
4513,20
4514,6
4515,22
4516,7
4517,7
4518,24
4519,24
4520,8
4521,8
4522,8
4523,8
4524,8
4525,2
4526,29
4527,2
4528,2
4529,2
4530,20
4531,2
4532,8
4533,20
4534,4
4535,6
4536,17
4537,7
4538,24
4539,24
4540,5
4541,14
4542,14
4543,1
4544,15
4545,7
4546,5
4547,28
4548,28
4549,28
4550,28
4551,24
4552,1
4553,24
4554,6
4555,14
4556,24
4557,13
4558,2
4559,35
4560,35
4561,24
4562,1
4563,5
4564,3
4565,9
4566,15
4567,24
4568,34
4569,14
4570,9
4571,24
4572,14
4573,24
4574,24
4575,24
4576,6
4577,5
4578,28
4579,8
4580,7
4581,14
4582,2
4583,8
4584,7
4585,7
4586,7
4587,7
4588,7
4589,7
4590,6
4591,15
4592,7
4593,7
4594,24
4595,24
4596,13
4597,13
4598,13
4599,28
4600,28
4601,28
4602,28
4603,23
4604,24
4605,28
4606,28
4607,9
4608,6
4609,6
4610,13
4611,7
4612,28
4613,7
4614,13
4615,9
4616,9
4617,7
4618,24
4619,24
4620,6
4621,6
4622,7
4623,6
4624,7
4625,1
4626,19
4627,5
4628,40
4629,4
4630,28
4631,4
4632,4
4633,4
4634,4
4635,7
4636,4
4637,28
4638,4
4639,4
4640,28
4641,5
4642,28
4643,4
4644,24
4645,24
4646,1
4647,3
4648,6
4649,2
4650,28
4651,7
4652,7
4653,7
4654,24
4655,24
4656,7
4657,9
4658,18
4659,28
4660,6
4661,14
4662,7
4663,1
4664,5
4665,7
4666,19
4667,9
4668,28
4669,1
4670,28
4671,1
4672,7
4673,13
4674,7
4675,7
4676,6
4677,7
4678,20
4679,8
4680,1
4681,2
4682,7
4683,1
4684,6
4685,17
4686,31
4687,1
4688,8
4689,24
4690,14
4691,7
4692,1
4693,1
4694,12
4695,14
4696,8
4697,28
4698,7
4699,9
4700,7
4701,24
4702,5
4703,6
4704,6
4705,5
4706,28
4707,6
4708,7
4709,28
4710,19
4711,24
4712,7
4713,7
4714,7
4715,7
4716,7
4717,28
4718,1
4719,1
4720,7
4721,6
4722,1
4723,17
4724,6
4725,1
4726,6
4727,14
4728,14
4729,9
4730,14
4731,14
4732,28
4733,24
4734,9
4735,28
4736,24
4737,14
4738,7
4739,7
4740,35
4741,35
4742,1
4743,28
4744,17
4745,1
4746,24
4747,1
4748,28
4749,3
4750,28
4751,24
4752,7
4753,5
4754,1
4755,20
4756,24
4757,6
4758,28
4759,23
4760,24
4761,5
4762,6
4763,24
4764,35
4765,38
4766,7
4767,28
4768,7
4769,17
4770,4
4771,28
4772,38
4773,14
4774,7
4775,18
4776,5
4777,28
4778,24
4779,14
4780,28
4781,28
4782,5
4783,14
4784,28
4785,24
4786,28
4787,24
4788,14
4789,24
4790,5
4791,5
4792,28
4793,35
4794,24
4795,7
4796,24
4797,1
4798,5
4799,5
4800,24
4801,24
4802,24
4803,28
4804,24
4805,24
4806,24
4807,28
4808,15
4809,24
4810,24
4811,24
4812,6
4813,14
4814,7
4815,28
4816,7
4817,9
4818,38
4819,28
4820,24
4821,27
4822,9
4823,14
4824,7
4825,7
4826,1
4827,14
4828,6
4829,24
4830,14
4831,14
4832,24
4833,24
4834,23
4835,7
4836,24
4837,5
4838,20
4839,2
4840,24
4841,6
4842,24
4843,5
4844,5
4845,14
4846,7
4847,7
4848,7
4849,7
4850,14
4851,35
4852,7
4853,24
4854,13
4855,6
4856,6
4857,1
4858,16
4859,7
4860,7
4861,6
4862,6
4863,12
4864,28
4865,6
4866,2
4867,20
4868,8
4869,35
4870,23
4871,14
4872,24
4873,24
4874,13
4875,6
4876,13
4877,8
4878,28
4879,24
4880,5
4881,28
4882,10
4883,7
4884,5
4885,4
4886,6
4887,8
4888,40
4889,24
4890,9
4891,6
4892,1
4893,18
4894,18
4895,8
4896,1
4897,1
4898,1
4899,12
4900,6
4901,7
4902,7
4903,7
4904,7
4905,9
4906,7
4907,13
4908,7
4909,6
4910,24
4911,7
4912,7
4913,5
4914,1
4915,1
4916,6
4917,24
4918,24
4919,24
4920,24
4921,24
4922,24
4923,7
4924,24
4925,24
4926,24
4927,28
4928,4
4929,7
4930,15
4931,24
4932,9
4933,22
4934,28
4935,28
4936,35
4937,13
4938,28
4939,7
4940,14
4941,6
4942,38
4943,1
4944,6
4945,6
4946,9
4947,7
4948,9
4949,7
4950,9
4951,18
4952,5
4953,5
4954,5
4955,1
4956,6
4957,9
4958,28
4959,28
4960,7
4961,13
4962,28
4963,13
4964,7
4965,28
4966,28
4967,28
4968,28
4969,4
4970,5
4971,28
4972,5
4973,7
4974,6
4975,7
4976,4
4977,7
4978,12
4979,28
4980,5
4981,13
4982,7
4983,7
4984,7
4985,7
4986,9
4987,23
4988,8
4989,8
4990,2
4991,2
4992,1
4993,2
4994,2
4995,1
4996,8
4997,1
4998,7
4999,9
5000,7
5001,9
5002,28
5003,24
5004,24
5005,28
5006,24
5007,24
5008,24
5009,24
5010,24
5011,28
5012,28
5013,28
5014,19
5015,28
5016,13
5017,18
5018,9
5019,18
5020,18
5021,14
5022,14
5023,7
5024,28
5025,28
5026,28
5027,24
5028,6
5029,6
5030,28
5031,5
5032,24
5033,14
5034,28
5035,6
5036,14
5037,5
5038,28
5039,24
5040,7
5041,24
5042,24
5043,6
5044,7
5045,7
5046,7
5047,8
5048,8
5049,7
5050,6
5051,24
5052,2
5053,36
5054,8
5055,31
5056,2
5057,20
5058,20
5059,8
5060,8
5061,8
5062,1
5063,1
5064,1
5065,1
5066,15
5067,5
5068,8
5069,8
5070,8
5071,1
5072,8
5073,8
5074,2
5075,2
5076,1
5077,20
5078,17
5079,24
5080,9
5081,14
5082,14
5083,14
5084,14
5085,13
5086,6
5087,31
5088,31
5089,5
5090,17
5091,24
5092,24
5093,24
5094,5
5095,28
5096,28
5097,28
5098,9
5099,9
5100,9
5101,5
5102,8
5103,4
5104,24
5105,19
5106,14
5107,35
5108,24
5109,7
5110,2
5111,2
5112,2
5113,8
5114,5
5115,9
5116,7
5117,24
5118,6
5119,20
5120,24
5121,9
5122,7
5123,7
5124,28
5125,4
5126,24
5127,5
5128,5
5129,9
5130,1
5131,8
5132,7
5133,2
5134,1
5135,11
5136,15
5137,15
5138,14
5139,6
5140,31
5141,31
5142,6
5143,6
5144,4
5145,4
5146,24
5147,7
5148,5
5149,5
5150,17
5151,8
5152,8
5153,2
5154,5
5155,5
5156,28
5157,24
5158,24
5159,8
5160,14
5161,7
5162,1
5163,15
5164,6
5165,7
5166,13
5167,5
5168,5
5169,5
5170,5
5171,13
5172,24
5173,5
5174,7
5175,6
5176,5
5177,8
5178,2
5179,2
5180,20
5181,2
5182,7
5183,7
5184,5
5185,6
5186,6
5187,7
5188,17
5189,5
5190,28
5191,24
5192,24
5193,24
5194,28
5195,24
5196,6
5197,2
5198,24
5199,7
5200,19
5201,1
5202,13
5203,28
5204,7
5205,24
5206,7
5207,8
5208,2
5209,6
5210,6
5211,3
5212,28
5213,2
5214,1
5215,3
5216,28
5217,6
5218,9
5219,24
5220,7
5221,14
5222,7
5223,7
5224,28
5225,28
5226,9
5227,20
5228,5
5229,2
5230,9
5231,28
5232,24
5233,28
5234,28
5235,28
5236,24
5237,4
5238,3
5239,11
5240,1
5241,24
5242,24
5243,7
5244,5
5245,5
5246,5
5247,5
5248,5
5249,5
5250,5
5251,5
5252,5
5253,7
5254,14
5255,1
5256,7
5257,7
5258,24
5259,24
5260,7
5261,3
5262,5
5263,7
5264,7
5265,12
5266,14
5267,24
5268,9
5269,24
5270,7
5271,24
5272,5
5273,13
5274,13
5275,7
5276,24
5277,24
5278,24
5279,24
5280,24
5281,28
5282,7
5283,5
5284,5
5285,1
5286,7
5287,5
5288,37
5289,9
5290,14
5291,24
5292,7
5293,35
5294,24
5295,14
5296,28
5297,1
5298,7
5299,24
5300,7
5301,5
5302,5
5303,5
5304,5
5305,31
5306,7
5307,1
5308,24
5309,5
5310,24
5311,7
5312,24
5313,5
5314,5
5315,7
5316,17
5317,14
5318,6
5319,24
5320,7
5321,18
5322,18
5323,18
5324,7
5325,5
5326,24
5327,5
5328,28
5329,6
5330,7
5331,6
5332,7
5333,7
5334,1
5335,7
5336,20
5337,7
5338,3
5339,24
5340,24
5341,7
5342,24
5343,13
5344,7
5345,28
5346,5
5347,6
5348,7
5349,6
5350,24
5351,5
5352,9
5353,5
5354,5
5355,24
5356,24
5357,5
5358,5
5359,20
5360,18
5361,7
5362,20
5363,9
5364,21
5365,7
5366,7
5367,24
5368,5
5369,28
5370,24
5371,6
5372,5
5373,24
5374,19
5375,8
5376,7
5377,24
5378,24
5379,24
5380,23
5381,14
5382,14
5383,8
5384,28
5385,7
5386,5
5387,24
5388,7
5389,18
5390,1
5391,5
5392,4
5393,6
5394,17
5395,9
5396,7
5397,35
5398,6
5399,14
5400,28
5401,7
5402,7
5403,5
5404,1
5405,8
5406,14
5407,9
5408,21
5409,30
5410,7
5411,7
5412,7
5413,7
5414,14
5415,14
5416,14
5417,24
5418,35
5419,9
5420,14
5421,6
5422,35
5423,35
5424,9
5425,27
5426,7
5427,7
5428,5
5429,9
5430,9
5431,22
5432,7
5433,3
5434,35
5435,20
5436,24
5437,28
5438,28
5439,9
5440,5
5441,39
5442,9
5443,6
5444,6
5445,9
5446,6
5447,5
5448,5
5449,1
5450,7
5451,6
5452,7
5453,7
5454,20
5455,5
5456,7
5457,27
5458,9
5459,7
5460,24
5461,7
5462,24
5463,5
5464,24
5465,24
5466,24
5467,1
5468,9
5469,5
5470,1
5471,28
5472,15
5473,6
5474,7
5475,24
5476,9
5477,14
5478,24
5479,7
5480,7
5481,1
5482,7
5483,7
5484,7
5485,7
5486,15
5487,28
5488,4
5489,14
5490,18
5491,18
5492,9
5493,7
5494,5
5495,21
5496,7
5497,28
5498,17
5499,14
5500,3
5501,8
5502,20
5503,8
5504,2
5505,8
5506,1
5507,14
5508,28
5509,9
5510,7
5511,2
5512,6
5513,7
5514,6
5515,3
5516,4
5517,3
5518,4
5519,7
5520,13
5521,35
5522,6
5523,7
5524,24
5525,23
5526,23
5527,7
5528,18
5529,7
5530,14
5531,1
5532,2
5533,2
5534,8
5535,8
5536,2
5537,8
5538,8
5539,2
5540,7
5541,37
5542,4
5543,5
5544,6
5545,12
5546,12
5547,7
5548,6
5549,28
5550,7
5551,35
5552,13
5553,9
5554,6
5555,7
5556,21
5557,28
5558,7
5559,9
5560,7
5561,24
5562,7
5563,4
5564,7
5565,3
5566,3
5567,5
5568,3
5569,28
5570,14
5571,5
5572,7
5573,7
5574,18
5575,4
5576,7
5577,30
5578,9
5579,7
5580,7
5581,3
5582,3
5583,1
5584,7
5585,9
5586,7
5587,9
5588,9
5589,7
5590,5
5591,12
5592,12
5593,12
5594,12
5595,12
5596,12
5597,9
5598,9
5599,15
5600,6
5601,24
5602,9
5603,5
5604,1
5605,9
5606,14
5607,14
5608,11
5609,5
5610,5
5611,7
5612,5
5613,3
5614,6
5615,9
5616,7
5617,7
5618,7
5619,5
5620,6
5621,9
5622,5
5623,7
5624,20
5625,8
5626,20
5627,8
5628,8
5629,8
5630,8
5631,1
5632,2
5633,2
5634,8
5635,1
5636,1
5637,8
5638,2
5639,8
5640,2
5641,8
5642,8
5643,7
5644,1
5645,1
5646,17
5647,17
5648,8
5649,1
5650,7
5651,7
5652,7
5653,9
5654,29
5655,7
5656,4
5657,7
5658,28
5659,9
5660,9
5661,1
5662,2
5663,8
5664,8
5665,2
5666,2
5667,6
5668,7
5669,9
5670,9
5671,39
5672,7
5673,7
5674,32
5675,7
5676,5
5677,3
5678,18
5679,7
5680,6
5681,9
5682,9
5683,9
5684,6
5685,6
5686,9
5687,5
5688,8
5689,7
5690,28
5691,7
5692,2
5693,6
5694,6
5695,14
5696,15
5697,28
5698,28
5699,7
5700,6
5701,7
5702,1
5703,1
5704,8
5705,2
5706,2
5707,7
5708,20
5709,8
5710,2
5711,9
5712,7
5713,6
5714,7
5715,7
5716,7
5717,14
5718,17
5719,17
5720,8
5721,17
5722,17
5723,8
5724,8
5725,1
5726,5
5727,7
5728,28
5729,7
5730,7
5731,7
5732,14
5733,41
5734,5
5735,5
5736,6
5737,17
5738,4
5739,6
5740,7
5741,6
5742,7
5743,6
5744,7
5745,5
5746,5
5747,5
5748,7
5749,20
5750,27
5751,27
5752,7
5753,9
5754,7
5755,7
5756,7
5757,6
5758,7
5759,7
5760,7
5761,14
5762,14
5763,7
5764,11
5765,14
5766,7
5767,27
5768,7
5769,7
5770,6
5771,7
5772,15
5773,5
5774,5
5775,5
5776,5
5777,30
5778,7
5779,7
5780,7
5781,7
5782,7
5783,7
5784,6
5785,21
5786,7
5787,14
5788,5
5789,5
5790,5
5791,7
5792,14
5793,7
5794,9
5795,7
5796,7
5797,21
5798,9
5799,5
5800,1
5801,5
5802,8
5803,5
5804,7
5805,3
5806,5
5807,14
5808,21
5809,7
5810,7
5811,7
5812,15
5813,5
5814,5
5815,7
5816,21
5817,6
5818,7
5819,7
5820,5
5821,18
5822,7
5823,7
5824,7
5825,16
5826,35
5827,6
5828,7
5829,7
5830,7
5831,2
5832,9
5833,3
5834,6
5835,7
5836,1
5837,7
5838,7
5839,7
5840,7
5841,7
5842,20
5843,15
5844,6
5845,7
5846,6
5847,7
5848,7
5849,7
5850,7
5851,6
5852,7
5853,7
5854,9
5855,9
5856,7
5857,7
5858,7
5859,7
5860,7
5861,21
5862,7
